4.688541 7.135981
5.667769 6.560997
6.242753 7.540225
5.689972 8.115209
2.214753 3.955396
3.193981 3.382262
3.768965 4.361490
2.789737 4.934624
4.688541 3.955396
5.667769 3.382262
6.242753 4.361490
5.263525 4.934624
3.768965 7.540225
3.193981 6.560997
2.214753 7.135981
2.214753 0.746096
2.789737 1.728136
3.768965 1.153152
4.688541 0.746096
5.263525 1.728136
0.410312 11.536327
1.387690 10.534896
0.814555 9.982114
0.405650 8.115209
1.387690 7.540225
0.814555 6.560997
0.410312 4.934624
1.387690 4.361490
0.814555 3.382262
1.894659 10.964154
5.263525 8.622178
16.552362 11.400814
17.495547 12.748242
17.901641 10.455779
18.844825 11.805057
16.866461 4.934624
16.866461 3.200937
16.863649 1.321081
18.836018 2.549648
17.845689 4.359640
10.431726 4.364302
8.292833 4.363340
6.738621 0.746096
9.060688 0.748908
16.289370 0.746574
7.309905 3.789318
10.035937 0.748355
